126
115
0 32 0
32 30 25
30 15 75
1 37 0
37 36 25
36 34 25
34 33 25
33 16 75
2 40 0
40 44 75
44 43 25
43 41 25
41 17 25
3 50 0
50 47 25
47 46 25
46 51 75
51 18 25
4 58 0
58 57 75
57 53 25
53 56 25
56 19 25
5 59 0
59 64 75
64 60 25
60 61 75
61 20 25
6 69 0
69 71 75
71 68 25
68 72 25
72 21 25
7 77 0
77 75 75
75 76 25
76 79 25
79 22 75
8 86 0
86 80 25
80 83 25
83 23 25
9 87 0
87 88 25
88 91 25
91 24 25
10 94 0
94 97 25
97 98 25
98 93 25
93 25 0
11 100 25
100 104 25
104 102 25
102 103 75
103 26 25
12 111 0
111 108 25
108 113 25
113 107 25
107 27 75
13 114 0
114 119 25
119 115 25
115 118 25
118 28 25
14 122 0
122 123 25
123 29 75
114 122 25
115 123 25
116 124 75
117 125 25
107 118 25
108 119 25
109 120 75
110 121 25
100 111 75
101 112 25
102 113 25
93 103 25
95 104 25
94 105 75
96 106 25
87 97 25
88 98 75
89 99 25
80 91 25
81 92 25
82 90 25
76 83 75
75 84 25
74 85 25
77 86 25
66 74 25
67 78 25
68 79 25
69 75 75
59 70 25
60 71 75
61 72 25
62 73 25
52 63 25
53 64 75
54 65 25
45 55 25
46 56 25
47 57 25
48 58 25
40 50 25
41 51 75
34 43 25
36 44 75
30 33 25
32 37 75