126
115
0 32
32 30
30 15
1 37
37 36
36 34
34 33
33 16
2 40
40 44
44 43
43 41
41 17
3 50
50 47
47 46
46 51
51 18
4 58
58 57
57 53
53 56
56 19
5 59
59 64
64 60
60 61
61 20
6 69
69 71
71 68
68 72
72 21
7 77
77 75
75 76
76 79
79 22
8 86
86 80
80 83
83 23
9 87 
87 88
88 91
91 24
10 94 
94 97
97 98
98 93
93 25
11 100
100 104
104 102
102 103
103 26
12 111
111 108
108 113
113 107
107 27
13 114
114 119
119 115
115 118
118 28
14 122
122 123
123 29
114 122
115 123
116 124
117 125
107 118
108 119
109 120
110 121
100 111
101 112
102 113
93 103
95 104
94 105
96 106
87 97
88 98
89 99
80 91
81 92
82 90
76 83
75 84
74 85
77 86
66 74
67 78
68 79
69 75
59 70
60 71
61 72
62 73
52 63
53 64
54 65
45 55
46 56
47 57
48 58
40 50
41 51
34 43
36 44
30 33
32 37